0 0 -90
0 -65 -75
61.819 -20.085999999999999 -75
38.206 52.585999999999999 -75
-38.206 52.585999999999999 -75
-61.819 -20.085999999999999 -75
0 -32.5 -60
28.146 16.25 -60
-28.146 16.25 -60
0 0 -45
13.513999999999999 -63.579999999999998 -30
64.644 -6.794 -30
26.437999999999999 59.38 -30
-48.304 43.493 -30
-56.292 -32.5 -30
6.757 -31.789999999999999 -15
24.152 21.747 -15
-30.908999999999999 10.042999999999999 -15
0 0 0
26.437999999999999 -59.38 15
64.644 6.794 15
13.513999999999999 63.579999999999998 15
-56.292 32.5 15
-48.304 -43.493 15
13.218999999999999 -29.69 30
19.103 26.292999999999999 30
-32.322 3.397 30
0 0 45
38.206 -52.585999999999999 60
61.819 20.085999999999999 60
0 65 60
-61.819 20.085999999999999 60
-38.206 -52.585999999999999 60
19.103 -26.292999999999999 75
13.218999999999999 29.69 75
-32.322 -3.397 75
0 0 90